100
87 90 84
-2 1 -33
-96 -87 77
-78 -70 38
-7 -5 -29
-90 -88 37
11 19 52
55 58 95
-100 -99 -43
-23 -20 -86
28 30 30
5 7 -52
-73 -69 -36
11 15 27
-54 -53 -38
-84 -77 19
41 49 24
-88 -79 -81
30 36 7
-1 1 57
6 9 -85
-43 -35 21
3 4 40
69 74 -74
66 70 87
-27 -25 -80
82 89 77
4 12 -14
-85 -78 20
81 82 -28
-26 -18 82
42 49 72
53 58 -30
-55 -50 41
33 34 40
-51 -48 10
-93 -85 63
-41 -36 78
-29 -25 -10
12 15 97
65 74 53
24 29 99
-82 -74 31
53 56 85
69 76 -42
-25 -22 89
87 88 36
-71 -66 19
-24 -19 65
-34 -31 -7
6 8 -87
0 6 100
12 17 -30
36 37 40
83 87 76
-77 -74 71
-19 -13 3
33 34 64
89 95 89
-13 -6 -24
-68 -62 93
27 34 -97
-46 -37 65
-100 -97 62
-74 -66 87
75 79 46
77 84 -39
-81 -74 -65
89 93 22
28 33 55
-97 -89 -57
39 42 56
-92 -87 -65
-2 -1 -98
15 19 74
-78 -72 60
89 96 99
48 55 31
77 84 42
89 94 -28
-54 -47 -75
79 83 69
-70 -64 63
35 37 -87
-95 -94 92
72 76 -72
-31 -26 -58
-59 -55 -20
32 37 39
-98 -92 27
-60 -54 6
52 60 -95
10 19 -21
-39 -34 -40
-96 -95 10
64 71 -55
-84 -82 16
-11 -2 36
89 94 16
48 52 -71
1000
5 -71
92 -10
-56 39
46 68
-36 30
80 35
-21 -78
32 84
58 98
-25 -15
63 -84
38 42
35 -2
-29 -40
-12 1
85 -82
9 -46
29 -71
63 48
5 94
66 -89
60 81
2 33
-87 71
-67 34
75 -26
-35 51
86 -54
-11 -12
-9 14
35 -69
-49 -51
-51 68
77 34
-54 29
-98 -9
10 -22
-75 11
66 92
49 78
22 -37
-7 -92
1 24
35 17
-72 56
41 5
18 -96
-81 80
-32 -12
46 61
74 -82
85 60
98 -31
-28 5
-73 -16
34 18
-83 -98
-99 -20
-35 -69
30 47
93 -1
82 -3
92 -79
11 -71
-60 -25
-20 74
-92 -70
23 -12
28 -6
-42 54
72 -96
39 -45
-74 2
-91 -69
60 70
-55 25
-22 -37
57 -89
2 -3
35 -96
-56 81
3 65
-91 -94
0 8
99 46
40 51
-42 11
13 -14
34 74
-91 40
6 -17
-80 79
60 74
-98 18
-56 -73
13 -56
87 -54
-77 93
40 46
74 -84
-11 78
-26 44
-25 -96
-18 58
8 -69
98 -3
67 16
20 54
4 -10
-36 91
-53 68
-33 -43
46 45
38 74
34 0
-30 42
22 69
68 -38
-80 -36
35 14
55 18
12 75
52 97
-95 20
58 -18
-4 -70
-100 69
89 26
-60 34
9 -33
4 -32
-60 71
-38 37
9 55
-71 -62
91 -62
35 70
-18 13
0 -88
66 63
46 -47
41 -76
-90 -50
52 24
-6 -12
-58 2
-68 26
25 31
-15 -39
-27 84
51 12
52 -36
-13 -56
-74 82
-49 -39
65 -30
-54 17
-15 -22
-81 -38
60 20
58 12
7 -2
-13 85
7 -10
43 76
-75 -61
-18 -5
-37 94
-36 -85
53 -70
38 68
-46 21
6 54
39 -22
-79 45
51 -88
-23 24
88 -60
-39 -50
-90 78
-22 64
53 -61
-17 -74
-51 -19
56 42
-71 32
-21 26
-26 43
85 -33
-92 -44
-65 -83
-99 -81
-14 64
10 -49
-41 -96
-67 -49
-3 76
-21 59
64 -49
-6 -90
53 12
-13 -77
-90 15
97 94
96 -99
46 51
95 -32
92 32
-83 -20
23 -20
-30 -25
55 8
39 -56
43 -25
7 42
-75 -60
-73 -59
14 38
-23 -49
62 -89
-52 -80
44 90
48 78
-2 15
-88 95
26 -13
-33 -85
-76 -78
-45 14
84 -90
-96 -31
41 74
-51 39
-31 5
61 48
-13 -80
53 61
-3 -7
42 60
-4 -50
-27 97
33 -76
-77 -63
-12 -28
-31 96
-29 -82
46 0
-63 44
-24 70
4 28
98 -15
-20 70
31 -52
17 19
23 -88
-99 65
74 77
-19 61
-60 -98
52 99
13 -71
-62 23
-5 -13
54 63
42 -86
-2 67
-71 73
5 -24
-63 17
34 71
-28 -70
-80 -99
47 96
4 -48
-73 21
-22 -53
-99 -80
-12 -54
45 55
-64 37
-14 -86
-82 -68
44 -15
-18 55
51 -69
-60 19
-32 46
-63 -74
42 -79
-92 49
9 -28
-33 55
-38 52
53 -65
-78 -37
76 12
-26 3
-40 36
95 -96
-100 -71
68 -58
54 -18
36 75
40 57
-79 -70
-4 27
-18 42
-96 -38
-78 -46
-5 -22
-75 -53
55 -36
-67 -80
31 25
0 19
81 -63
17 21
31 84
90 47
54 -33
35 61
82 57
78 47
77 -2
-5 -38
-6 -9
16 69
-12 -7
-67 -78
-47 -39
-96 -43
4 -53
-26 30
13 -28
28 -62
23 3
56 -89
-64 6
100 -98
50 -10
-73 25
-42 -86
-70 -25
82 -84
51 64
19 -59
54 3
33 22
86 -18
87 40
5 55
94 -95
60 -18
-90 88
78 21
97 29
7 -89
-86 -82
41 -13
-22 66
88 76
93 -2
75 -4
18 -67
-47 88
81 -37
-19 -14
-98 38
-90 -8
78 -60
41 88
62 -36
-62 89
67 5
10 89
26 -23
11 8
0 -62
-4 -77
97 -24
58 -31
-56 -93
-14 -94
54 2
27 94
100 -66
-13 93
-70 39
-88 -28
10 1
-54 50
-19 -98
-51 98
66 -75
97 38
61 30
2 -86
86 -73
-68 -6
-20 -98
31 63
-86 100
-40 -36
-32 33
-92 -5
68 57
-38 -81
-9 59
-41 14
-29 -66
-81 -84
-33 -89
-58 -92
10 59
88 -4
19 -11
34 45
-61 37
-2 -95
32 -52
29 -37
96 7
-51 -41
69 76
-12 42
76 96
-34 -2
54 -5
27 -64
31 -95
96 35
-68 -74
10 72
30 -4
23 -79
-54 -69
76 -74
-84 6
-36 20
10 -89
-24 -14
-74 -68
-88 -68
2 50
-5 -63
64 -98
83 -1
-70 -82
41 39
64 -53
-87 -7
49 48
49 25
49 -72
38 -77
-25 20
-7 -49
90 -13
38 52
85 -74
63 89
-11 10
-49 -68
86 42
55 11
-11 46
93 -61
-38 84
-47 -67
6 -6
-30 -16
12 -9
-8 56
1 0
-37 14
-92 -20
-11 6
99 -42
-41 -70
-26 -97
0 22
-54 -4
-84 -56
-71 -79
-99 67
-11 4
42 81
49 36
-67 32
-50 37
16 76
83 -16
25 21
-9 -67
43 54
33 76
48 63
64 -97
22 -10
77 -54
-60 -52
-54 99
68 84
0 81
35 -7
-31 -80
68 79
75 -27
95 -34
3 61
16 -75
74 29
10 -20
-73 29
-60 8
97 16
26 -97
2 18
49 -96
-40 -31
4 88
-91 32
21 37
85 97
50 47
13 -25
-45 -84
-64 -3
-60 39
-32 98
-63 56
-18 -91
89 -55
39 -48
87 -81
-81 -41
-83 49
56 -91
-47 -21
81 96
84 -2
34 -37
-36 -10
-14 54
-12 32
32 26
96 16
-100 44
48 6
39 -30
92 -80
-69 -24
-13 -62
11 34
-89 50
1 -20
-50 5
-100 -58
-43 -15
-79 12
9 -10
29 20
55 51
25 69
-78 -81
79 -99
-35 60
-36 -88
24 -48
-56 25
73 -14
98 83
23 17
98 86
-78 -43
-82 -25
27 49
85 87
13 75
-86 -98
39 -93
-84 79
-76 -18
-95 -81
-19 28
-67 -51
-67 -81
80 29
-50 84
5 -87
-29 43
62 93
-7 -33
32 92
82 37
24 -66
64 -61
73 60
-47 -25
95 -10
21 36
-13 -92
-46 -44
81 -65
69 -61
88 -18
-89 -59
-25 25
59 2
-13 41
61 -75
-34 3
79 70
-79 -45
-62 -47
-47 -66
-41 -59
36 -6
57 -23
-38 -4
50 -31
-83 68
88 -33
70 -100
98 25
76 -17
-37 76
-17 -79
2 52
-19 -63
43 16
76 94
-75 63
29 88
28 63
-69 -45
46 75
-18 100
42 -91
42 -29
-81 -27
-89 47
-36 -97
93 44
44 -36
16 3
9 31
43 -80
71 3
-35 5
-94 -41
58 -57
39 -14
-48 18
-81 -50
64 -80
-91 57
35 -24
-57 -54
58 67
77 -59
30 75
11 29
22 -51
6 52
-19 -51
83 -98
-96 -15
70 -27
-97 17
83 -8
-58 -100
71 90
-63 -81
44 -26
91 -71
37 -83
81 6
50 -25
-39 64
-10 -33
-11 72
16 79
83 -89
-45 93
65 -100
-31 -34
69 10
-34 -4
68 15
-29 -22
-37 43
-60 -99
92 -32
-49 99
-85 -11
37 36
-54 60
27 64
-99 -99
-10 -61
-13 -99
-73 -65
-12 -37
96 59
-86 87
73 -90
13 -47
-8 -9
16 -94
45 89
-25 80
-48 90
-95 46
-34 -73
44 47
85 -1
-61 -29
-14 -74
40 -87
82 85
75 48
-85 -40
75 19
-49 25
73 -77
60 -83
47 -39
-67 -4
-55 71
-93 88
-13 -66
-5 -90
-51 70
36 -95
94 -86
-72 23
-86 -25
1 74
88 -93
63 -1
44 58
37 -7
99 -55
-30 16
-83 46
90 -88
13 -57
41 -1
-32 78
-85 -49
-68 83
80 90
-34 -9
-94 40
-10 -67
88 42
-91 6
85 99
-37 -1
67 -3
41 -30
-56 13
-44 70
99 23
39 73
27 -6
44 73
-11 33
93 -68
-78 49
50 60
70 -13
7 59
-27 32
15 -97
-52 97
-36 -8
3 -32
40 -65
-45 33
-35 68
-68 -54
-51 25
-80 74
-80 -56
39 -1
33 -58
34 50
100 -53
72 -1
-60 -88
86 100
-66 -98
11 49
-84 -60
-52 51
4 70
-40 -9
-99 23
-94 48
-14 24
59 -26
19 -6
-15 51
25 -14
37 28
49 97
42 -73
-37 24
59 13
41 -20
21 -84
-15 34
-100 86
29 70
-52 35
-95 72
99 74
-94 1
66 27
-97 85
70 -26
37 -94
-7 45
13 35
98 19
73 83
-77 6
-90 -91
73 -52
40 -45
-79 74
-22 80
34 44
39 31
99 75
29 -61
-95 50
-6 -95
-15 8
99 38
40 -52
75 -33
-20 -41
-28 79
32 100
50 -81
-37 -41
81 7
-84 64
46 -52
95 70
52 45
-28 25
89 -53
-98 -62
73 15
43 -18
-11 -17
-24 -83
-86 32
-97 9
-54 -19
73 34
-91 38
43 49
-78 -16
-39 93
-77 87
93 -9
54 -79
9 72
13 -9
63 -65
63 -21
34 -17
72 29
-40 -72
-62 -59
-37 -16
-5 -75
50 -8
-60 -8
-31 -17
-69 57
-61 -65
-34 -94
85 -78
-9 80
-45 -40
-5 -98
51 -3
45 -95
-41 -78
24 -43
-9 -71
51 86
-35 24
41 -65
82 -66
12 4
16 -6
23 68
32 -8
37 49
-50 50
-87 86
-78 66
17 -32
-2 56
-51 -98
-100 -63
-39 47
68 77
-79 28
36 53
-19 -71
-57 -74
-57 -9
-99 -42
52 -29
-37 19
-55 9
42 15
-66 -37
82 -78
-18 44
-91 -44
-90 13
-86 -73
-62 91
63 87
-17 60
5 75
37 -2
49 -11
55 -94
-25 -19
90 97
-66 13
-17 27
67 26
51 -98
-27 -33
-55 -58
75 0
48 -85
-46 -80
-66 10
76 70
55 16
30 39
30 11
-72 96
-15 -36
9 95
-13 -93
-59 -98
-95 91
-44 -13
37 -19
21 -57
-31 35
28 46
-5 13
60 -13
84 -56
-18 -80
9 88
-63 -53
80 41
78 -24
17 -88
-51 -30
1 -71
7 -83
92 -39
26 65
71 20
10 75
29 56
3 -31
33 -57
-26 2
97 -99
-93 -14
-38 -29
27 -68
76 -80
-45 16
-44 11
18 96
-93 4
-1 2
-24 87
-86 79
68 97
-16 -35
84 -40
